909
287 1063
387 1557
790 1838
16 1296
2929 3220
324 2588
1806 2569
1080 3103
781 1375
845 2666
874 2001
2195 2205
2194 2487
1561 3038
1242 1964
1872 2839
2879 3437
857 3068
11 3443
1891 2328
161 1789
2409 3571
271 3130
2052 3442
916 1089
945 2495
851 2607
2350 3489
2414 3156
1701 3004
3484 3533
1917 2351
975 3078
759 2978
688 2706
2470 2934
797 3578
1601 2772
300 2708
1311 2956
506 2546
328 3460
1893 3147
551 1802
1216 2018
809 3610
1080 3034
113 333
2278 2743
965 2926
2444 3513
2040 2440
1113 2895
719 1211
1529 2490
3207 3258
177 962
1323 1770
185 1123
1908 2404
2066 2396
564 1360
741 3331
393 938
1711 2927
322 1687
651 2061
2714 3141
596 3112
1348 1931
107 2589
102 3571
1793 2110
922 1811
68 225
2804 3409
891 2380
573 3382
59 180
311 832
1878 2048
1730 1879
514 3218
1049 1334
134 1744
568 3391
2659 3484
576 1805
1407 3440
48 2042
443 2024
940 3211
2635 3577
372 3083
293 1445
1133 1441
652 1898
723 1647
2124 3128
760 822
572 3435
2343 3305
3190 3549
95 3221
1811 3439
514 3463
53 818
518 2476
1163 3318
1860 1973
1040 2824
2640 3172
2291 3187
388 1305
2004 2138
2203 3056
1624 2386
790 909
107 3116
578 3089
284 3261
231 427
307 1427
2941 3510
666 1004
1254 3560
766 1630
1440 2381
1029 2047
1193 2291
385 908
2731 3533
2252 2324
356 2466
1093 1809
821 2589
497 931
1196 2269
1355 2765
101 2300
296 2497
648 1822
161 1519
1656 2267
1561 2937
125 3240
514 1918
982 3342
404 2336
164 3073
262 3531
319 3370
1098 1904
1620 2353
1500 2917
595 3350
839 1143
267 3292
1149 3258
760 1635
1837 3289
1257 1633
877 2280
751 1432
2492 3149
881 1552
387 3015
1638 2896
1466 3005
981 2905
3222 3396
2037 2388
1004 3020
738 850
1440 3541
1327 1957
2097 3466
1533 3323
1160 3631
606 2464
385 648
1375 3462
1295 1628
1407 3508
1200 2813
1137 1963
209 1324
2099 2157
236 1603
1787 3248
851 2751
846 912
2604 2870
294 388
577 2979
138 3462
1057 2381
834 1738
3152 3643
968 1047
952 3095
1457 3582
2609 3345
1190 1335
2523 3079
2373 2541
1324 1721
2471 2611
2908 2967
821 3052
752 1415
313 1015
2048 2243
2760 2975
2015 3633
968 1802
57 2110
2546 3048
814 916
1138 3577
732 3315
438 3143
259 880
2239 3545
2462 2624
2533 3214
605 1251
3011 3553
402 1407
2289 2965
274 433
2449 2683
1235 2475
65 3576
322 2630
1655 3099
1051 1453
1839 2669
625 2341
541 3615
1028 2535
818 1280
1185 2748
152 612
1170 1323
126 1390
684 1819
2640 2991
2332 2995
1808 2062
1794 2451
1128 1799
2269 2725
857 3355
806 3034
1273 3091
1136 1599
1698 2955
2303 3026
847 1192
173 2579
508 768
2678 3451
1034 1675
2121 3274
256 2006
1591 3442
411 3128
2850 2920
857 952
1709 2523
89 2713
3135 3588
2445 3097
243 3545
990 2234
1681 2039
1292 1703
2142 2464
1047 1444
1936 2960
46 881
1814 2567
1299 2767
1310 1513
666 3413
2816 3179
405 1951
1550 3506
1671 2411
2183 2719
1146 1380
2263 3494
140 1135
194 3202
13 1093
514 594
2809 3328
2005 2414
2529 3147
476 1078
1133 2576
910 2785
1999 2706
1099 3636
1021 2436
996 3539
1455 2730
165 783
618 2978
945 1778
3317 3626
2556 2939
992 2280
502 1161
968 1537
1104 2185
59 776
1551 3012
87 1697
743 2361
1241 3625
600 604
2969 3125
1239 2705
1086 3318
1997 2317
1304 1628
656 1559
559 2375
1627 3409
1564 2924
2435 2995
1979 2383
356 2462
7 2786
693 3603
463 2049
1317 3507
1001 2650
2152 2944
2811 2930
732 1753
687 1782
2715 3166
587 812
615 1114
201 2209
215 1009
4 658
1005 3083
512 2997
171 527
791 3610
1798 1850
2296 2439
1116 3132
2038 2117
57 3619
521 3580
595 1290
426 2379
2436 3385
1169 3638
1407 2774
1068 1877
1078 3252
594 2228
671 1551
1024 3076
1580 2968
456 1217
1534 2277
107 1651
1819 2143
326 2792
57 2881
1320 1498
533 3162
108 1194
1572 2971
1266 3625
142 2558
1508 2682
2015 3141
1334 2065
1404 3182
1834 2005
773 2714
3450 3464
1897 2027
1787 2325
1775 2319
518 1585
786 2153
1261 2572
617 2625
2352 2892
1674 2258
1535 3227
912 1644
736 1625
642 2334
560 1222
2884 3507
492 1977
280 611
2911 3197
2719 3264
516 1267
1752 3106
685 2535
2280 2409
1160 2520
311 1030
2073 2117
403 3276
2915 3281
11 2321
2122 3431
1063 2162
3172 3178
1543 3242
1581 3219
288 2244
103 1738
134 1969
2400 2498
2451 2521
2584 2686
329 2916
723 1618
1923 3314
1520 2686
1638 2000
236 247
1477 2318
1458 2433
1547 2358
535 648
1289 2678
34 202
1376 1409
1798 3486
1035 3398
2342 2499
728 2648
2696 3424
955 1270
528 2126
1374 1407
2900 3638
448 941
189 1621
1592 2909
1753 3543
3013 3066
2614 3100
733 782
329 854
1048 1987
183 2051
672 781
827 2266
377 1925
52 1042
1708 2233
700 2356
1177 2868
556 1889
603 3405
319 2292
961 2964
116 161
726 1053
128 602
3091 3296
1954 2614
1764 3075
2911 2933
1284 2736
1401 2062
1757 3524
1164 1524
526 1737
1559 3351
842 2377
648 1347
390 3137
2187 3095
3 195
2073 3464
884 1973
3170 3221
2311 3185
1956 2310
1938 2288
115 1023
423 1989
1923 3500
737 1576
2919 3601
1819 3061
1683 3106
1450 2870
1806 2480
810 823
2472 2942
1873 2863
1094 2591
1172 2755
860 1028
2687 3043
2021 3176
2476 3618
1520 2511
133 1298
845 2394
299 2026
331 595
1759 2102
1285 2249
1676 1814
1517 2955
343 1546
1219 1868
553 3402
1037 2719
1257 3436
568 3014
186 1514
1803 3432
1354 3192
1073 2839
1221 2492
2684 3451
2070 3038
1885 2965
379 2568
1822 3446
1969 2691
2451 2847
2749 3622
1218 2515
461 803
1121 2010
1467 3637
2479 3385
1211 1430
281 2518
1294 2503
923 2421
926 1683
662 3596
213 1606
727 1674
415 1189
880 1473
1586 2838
494 2827
2408 2552
2729 2893
890 2821
2479 3566
564 2370
16 873
22 1612
971 1722
317 3015
1038 1282
1946 2634
1373 2129
1198 3409
785 1642
2202 2310
757 2307
1502 1940
1193 1416
2192 2713
693 2079
1582 2783
490 2580
2701 2759
986 3258
1951 3051
848 2901
1199 1815
2296 3163
492 3383
2324 2794
2226 2585
632 2554
277 3167
1535 2845
713 836
2035 2794
1458 3414
2274 2735
469 2542
2430 2933
567 881
1750 3487
2069 2411
397 787
732 2706
968 1362
2306 3250
1733 3099
600 945
815 2364
457 914
2047 2172
634 2475
2702 2786
1541 2726
466 2327
2451 2830
2051 3137
1813 2027
2054 2462
587 3009
717 3074
1272 3473
954 2607
682 3194
1991 1993
1267 1361
150 1349
2973 3453
979 1619
1042 2772
358 458
635 1197
1111 2371
192 239
510 2434
1808 1830
209 2007
1201 2741
3006 3146
200 2443
2912 3361
2217 2669
910 2463
2248 3546
670 2110
900 3576
606 1537
2628 3489
391 724
2315 3324
2717 3586
87 1535
397 1653
3480 3485
1899 2724
639 1184
18 2514
1298 2328
1140 1660
877 958
767 1607
200 899
1120 3062
2338 2385
1451 3298
101 310
1523 2055
1440 2210
1975 2806
816 3298
841 3329
401 2831
459 932
1454 3168
14 1314
430 3598
902 1813
2343 2556
2056 3184
552 2440
309 2594
521 548
356 2026
1758 3630
1192 1258
2146 3297
2386 3392
2115 2416
2560 2837
350 2586
2310 3499
30 2332
823 2741
1169 2909
10 2338
1621 1769
855 2088
430 2668
2106 2282
47 1800
1288 3214
997 1037
2912 3058
1282 2568
438 1018
66 674
2286 2360
91 724
481 1766
1839 2863
170 2099
361 3162
676 3097
256 819
204 3401
1335 2038
563 2716
760 3444
205 895
1984 2131
2040 2110
221 2724
2028 3303
517 678
1838 2697
2716 3329
418 3587
463 1742
274 3172
2155 2196
392 418
763 1913
694 3292
2383 3047
1220 2919
2314 2386
1023 1566
963 2227
3380 3642
1273 2083
1730 2645
2164 2289
1552 2816
1661 3387
1640 1705
444 2340
1795 3439
185 849
2491 3132
1064 2250
1026 3187
1293 1904
1087 1774
199 314
2081 2282
247 529
2182 2889
1699 3589
1601 2050
2442 2486
427 1490
712 1689
1355 2879
116 1099
1650 2221
2553 3436
901 963
35 146
564 1638
1891 3173
2095 2222
329 1107
5 793
2896 3146
1898 2411
1485 3503
1914 3312
1810 2155
30 2254
762 2739
87 1922
2601 2662
1039 2791
1546 2319
2272 2715
91 1472
947 1740
186 1519
322 2355
231 1698
2009 2863
648 1686
28 1391
1780 3347
1758 1994
443 1132
211 2670
773 2794
1020 2013
1237 3299
20 3629
1635 2609
3152 3409
1214 2435
2552 3137
267 2011
699 1366
916 2982
1630 2425
2258 2372
1222 3122
107 1693
401 579
631 2491
252 3034
971 3394
683 2282
1886 2173
2068 3345
3207 3302
707 1349
2603 3223
1750 2113
48 2723
1692 2586
1548 1648
521 1480
2282 2785
2400 2875
751 1924
2208 2700
1843 1993
704 3348
1318 1320
17 2025
2262 2619
698 908
1239 2631
1967 3499
811 1038
1445 1522
1069 1845
169 772
962 3584
2543 3389
180 2582
603 2097
1245 1846
1073 2778
2103 2163
1840 2097
607 3238
3090 3239
966 2517
120 3226
1677 1697
23 2406
77 3047
520 852
772 3388
892 3544
712 1763
1739 2318
399 877
1781 2421
1677 2036
390 2096
818 3258
716 2566
347 1033
371 2737
237 3254
1950 2551
2538 3385
690 1222
523 2434
609 3243
1019 3172
533 2660
1789 2667
1412 2015
2107 3559
79 918
2193 3541
1322 1349
2888 3386
1418 2912
1708 2604
317 941
1180 2500
1794 3280
306 3283
2405 2854
1495 1534
1374 2026
152 1392
715 3066
1705 2014
2026 2245
806 2327
1240 1727
42 357
973 2776
396 3026
2334 3503
504 1349
1179 2054
738 3142
2940 2969
